1 2 48 74 4
1 2 48 73 4
1 2 49 72 5
1 2 49 71 5
1 2 49 70 5
1 2 49 69 5
1 2 49 68 5
1 2 49 67 4
1 2 48 66 5
1 2 47 65 5
1 2 46 65 5
1 2 45 64 5
1 2 44 64 5
1 2 43 64 5
1 2 42 63 5
1 2 41 63 5
1 2 40 63 5
1 2 39 63 5
1 2 38 63 5
1 2 37 62 5
1 2 36 62 5
1 2 35 62 5
1 2 34 62 5
1 2 33 62 5
1 2 32 62 5
1 2 31 62 5
1 2 30 62 5
1 2 29 62 5
1 2 28 62 5
1 2 27 62 5
1 2 26 62 5
1 2 25 62 5
1 2 24 62 5
1 2 23 62 5
1 2 22 62 5
1 2 21 61 5
1 2 20 60 5
1 2 19 59 5
2 1 48 74 4
2 1 47 75 5
2 1 46 75 5
2 1 45 75 5
2 1 44 76 5
2 1 43 76 5
2 1 42 76 5
2 1 41 76 5
2 1 40 77 5
2 1 39 77 5
2 1 38 77 5
2 1 37 78 5
2 1 36 79 5
2 1 35 80 5
2 1 34 81 5
2 1 33 82 5
2 1 32 83 5
2 1 31 83 5
2 1 30 83 5
2 1 29 83 5
2 1 28 83 5
2 1 27 83 5
2 1 26 83 5
2 1 25 83 5
2 1 24 83 5
2 1 23 82 5
2 1 22 82 5
2 1 21 81 5
2 1 20 81 5
2 1 19 80 5
2 1 18 80 5
2 1 17 79 5
2 1 16 79 5
2 1 15 79 5
2 1 14 79 5
2 1 13 78 5
2 1 12 78 5
2 1 11 78 5
2 1 10 77 5
2 1 9 76 4
2 1 10 75 4
2 1 11 74 4
2 1 12 73 4
2 1 13 73 5
2 1 14 73 4
2 1 15 72 5
2 1 16 72 5
2 1 17 72 5
2 1 18 71 4
2 1 19 71 4
2 1 20 71 5
2 1 21 70 4
2 1 22 70 4
3 1 48 74 4
3 1 49 75 5
3 1 50 76 5
3 1 51 77 5
3 1 52 77 5
3 1 53 78 5
3 1 54 78 5
3 1 55 78 5
3 1 56 78 5
3 1 57 78 5
3 1 58 78 5
3 1 59 78 5
3 1 60 78 5
3 1 61 78 5
3 1 62 78 5
3 1 63 79 5
3 1 64 79 5
3 1 65 79 5
3 1 66 79 4
3 1 67 79 4
3 1 68 79 4
3 1 69 79 4
3 1 70 79 4
3 1 71 79 4
3 1 72 79 4
3 1 73 79 5
3 1 74 79 5
3 1 75 79 5
3 1 76 79 5
3 1 77 79 5
3 1 78 80 5
3 1 79 80 5
3 1 80 80 5
3 1 81 80 5
3 1 82 80 5
3 1 83 80 5
3 1 84 80 5
3 1 85 80 5
3 1 86 80 5
3 1 87 79 5
3 1 88 79 5
3 1 89 78 5
3 1 90 77 5
3 1 91 77 5
3 1 92 76 5
4 1 46 25 5
4 1 46 24 5
4 1 46 23 5
4 1 46 22 5
4 1 47 21 5
4 1 47 20 5
4 1 48 19 5
4 1 49 18 5
4 1 50 17 5
4 1 51 17 5
4 1 52 17 5
4 1 53 16 5
4 1 54 16 5
4 1 55 16 5
4 1 56 16 5
4 1 57 16 5
4 1 58 16 5
4 1 59 16 6
4 1 60 15 5
4 1 61 15 5
4 1 62 15 5
4 1 63 15 5
4 1 64 15 4
4 1 65 15 4
4 1 66 15 4
4 1 67 15 4
4 1 68 15 4
4 1 69 15 4
4 1 70 15 4
4 1 71 15 5
4 1 72 15 5
4 1 73 15 5
4 1 74 16 6
4 1 75 16 6
4 1 76 16 5
4 1 77 16 5
4 1 78 16 5
4 1 79 16 6
4 1 80 16 6
4 1 81 16 6
4 1 82 16 6
4 1 83 17 6
4 1 84 16 7
4 1 85 16 6
4 1 86 16 5
5 2 46 25 5
5 2 45 26 5
5 2 44 26 5
5 2 43 27 5
5 2 42 28 6
6 2 46 25 5
6 2 47 26 5
6 2 48 27 5
6 2 49 27 5
6 2 50 27 5
6 2 51 27 5
6 2 52 27 5
6 2 53 27 5
6 2 54 28 5
6 2 55 28 5
6 2 56 28 5
6 2 57 29 5
6 2 58 29 5
6 2 59 30 5
6 2 60 30 5
6 2 61 31 5
6 2 62 31 5
6 2 63 32 5
6 2 64 32 5
6 2 65 32 5
6 2 66 32 5
6 2 67 32 5
6 2 68 32 5
6 2 69 32 5
6 2 70 33 5
6 2 71 33 5
6 2 72 33 5
6 2 73 34 5
6 2 74 35 5
6 2 75 36 5
6 2 76 37 5
6 2 77 38 6
6 2 78 39 6
6 2 79 40 6
6 2 80 41 6
6 2 81 41 6
6 2 82 42 6
6 2 83 43 5
6 2 84 44 5
6 2 85 45 6
6 2 86 46 7
6 2 87 46 6
6 2 88 47 7
6 2 89 47 6
6 2 90 48 7
6 2 91 49 7
6 2 92 49 6
6 2 93 50 6
6 2 94 51 5
6 2 95 52 6
6 2 95 53 5
6 2 95 54 5
6 2 94 55 5
6 2 93 56 5
6 2 92 56 5
6 2 91 57 5
6 2 90 57 5
6 2 89 57 5
6 2 88 58 5
6 2 87 58 5
6 2 86 58 5
6 2 85 58 5
6 2 84 58 5
6 2 83 58 5
6 2 82 58 5
6 2 81 58 5
6 2 80 58 5
6 2 79 59 5
6 2 78 59 5
6 2 77 60 5
6 2 76 60 5
6 2 75 60 5
6 2 74 61 5
6 2 73 61 5
6 2 72 61 5
6 2 71 61 5
6 2 70 61 5
6 2 69 61 5
6 2 68 61 5
6 2 67 61 5
6 2 66 61 5
6 2 65 61 5
6 2 64 61 5
6 2 63 60 5
6 2 62 60 5
6 2 61 60 5
6 2 60 59 5
6 2 59 59 5
6 2 58 58 5
6 2 57 58 5
6 2 56 57 5
6 2 55 57 5
6 2 54 56 5
6 2 53 56 5
6 2 52 56 5
6 2 51 55 5
6 2 50 55 5
6 2 49 54 5
6 2 48 54 5
6 2 47 54 5
6 2 46 53 5
6 2 45 53 5
6 2 44 52 5
6 2 43 52 5
6 2 42 52 5
6 2 41 52 5
6 2 40 52 5
6 2 39 52 5
6 2 38 52 5
6 2 37 52 5
6 2 36 52 5
6 2 35 52 5
6 2 34 52 5
6 2 33 52 5
6 2 32 52 5
6 2 31 53 5
6 2 30 53 5
6 2 29 53 5
6 2 28 54 5
6 2 27 54 5
6 2 26 54 5
6 2 25 55 5
6 2 24 55 4
6 2 23 56 5
6 2 22 56 5
6 2 21 57 5
6 2 20 58 5
6 2 19 59 5
7 2 22 41 5
7 2 21 40 5
7 2 22 39 5
7 2 22 38 5
7 2 23 37 6
7 2 24 37 6
7 2 25 36 6
7 2 26 36 5
7 2 27 35 5
7 2 28 34 6
7 2 29 34 5
7 2 30 33 5
7 2 31 32 5
7 2 32 32 5
7 2 33 31 5
7 2 34 30 5
7 2 35 29 5
7 2 36 28 5
7 2 37 28 5
7 2 38 28 5
7 2 39 27 5
7 2 40 27 5
7 2 41 27 5
7 2 42 28 6
8 2 22 41 5
8 2 23 42 5
8 2 24 42 5
8 2 25 42 6
8 2 26 42 6
8 2 27 42 5
8 2 28 42 6
8 2 29 42 5
8 2 30 41 5
8 2 31 40 5
8 2 32 40 5
8 2 33 39 6
8 2 34 38 5
8 2 35 38 5
8 2 36 37 5
8 2 37 37 6
8 2 38 36 6
8 2 39 36 5
8 2 40 35 5
8 2 41 34 5
8 2 42 33 5
8 2 42 32 5
8 2 42 31 5
8 2 42 30 5
8 2 42 29 5
8 2 42 28 6
9 2 22 41 5
9 2 21 42 6
9 2 20 42 6
9 2 19 43 5
9 2 18 43 5
9 2 17 44 6
9 2 16 45 6
9 2 15 46 5
9 2 15 47 5
9 2 15 48 5
9 2 15 49 5
9 2 15 50 5
9 2 15 51 5
9 2 15 52 5
9 2 15 53 5
9 2 15 54 5
9 2 15 55 6
9 2 15 56 5
9 2 15 57 5
9 2 16 58 5
9 2 17 59 5
9 2 18 59 5
9 2 19 59 5
10 1 79 135 5
10 1 78 134 5
10 1 77 133 5
10 1 76 132 5
10 1 75 132 5
10 1 74 131 5
10 1 73 131 5
10 1 72 131 5
10 1 71 130 5
10 1 70 130 5
10 1 69 130 5
10 1 68 130 5
10 1 67 129 5
10 1 66 128 5
10 1 65 128 5
10 1 64 128 5
10 1 63 127 5
10 1 62 126 5
10 1 61 125 5
10 1 60 125 5
10 1 59 124 5
10 1 58 124 5
10 1 57 124 5
10 1 56 123 5
10 1 55 123 5
10 1 54 123 5
10 1 53 123 5
10 1 52 123 5
10 1 51 123 5
10 1 50 122 5
10 1 49 122 5
10 1 48 122 5
10 1 47 122 5
10 1 46 121 5
10 1 45 121 5
10 1 44 121 5
10 1 43 120 5
10 1 42 120 5
10 1 41 120 5
10 1 40 119 5
10 1 39 119 4
10 1 38 118 4
10 1 37 118 4
10 1 36 117 5
10 1 35 117 5
10 1 34 116 5
10 1 33 116 5
10 1 32 116 5
10 1 31 116 5
10 1 30 116 5
10 1 29 116 5
10 1 28 116 5
10 1 27 115 5
10 1 26 115 5
10 1 25 115 5
10 1 24 115 5
10 1 23 115 5
10 1 22 115 5
10 1 21 114 5
10 1 20 114 5
10 1 19 114 5
10 1 18 113 5
10 1 17 113 5
10 1 16 113 5
10 1 15 113 5
10 1 14 113 5
10 1 13 113 5
10 1 12 113 5
10 1 11 112 5
10 1 10 112 5
10 1 9 112 5
10 1 8 112 6
10 1 7 111 6
10 1 6 111 6
11 1 79 135 5
11 1 78 136 5
11 1 77 137 5
11 1 76 137 5
11 1 75 137 5
11 1 74 138 5
11 1 73 138 5
11 1 72 138 6
11 1 71 139 5
11 1 70 139 6
11 1 69 139 6
11 1 68 139 6
11 1 67 140 5
11 1 66 140 6
11 1 65 140 6
11 1 64 140 6
11 1 63 140 6
11 1 62 140 6
11 1 61 140 6
11 1 60 140 6
11 1 59 140 6
11 1 58 140 6
11 1 57 140 6
11 1 56 140 6
11 1 55 140 6
11 1 54 140 6
11 1 53 140 6
11 1 52 140 6
11 1 51 140 6
11 1 50 140 7
11 1 49 140 6
11 1 48 140 6
11 1 47 140 6
11 1 46 140 6
11 1 45 141 5
11 1 44 141 5
11 1 43 141 5
11 1 42 141 6
11 1 41 141 6
11 1 40 141 5
11 1 39 141 6
11 1 38 141 6
11 1 37 141 5
11 1 36 142 5
11 1 35 142 5
11 1 34 142 5
11 1 33 142 5
11 1 32 143 5
11 1 31 143 5
11 1 30 143 5
11 1 29 143 5
11 1 28 143 5
11 1 27 143 5
11 1 26 143 5
11 1 25 143 5
11 1 24 143 6
11 1 23 144 5
11 1 22 144 5
11 1 21 144 6
11 1 20 144 6
11 1 19 145 5
11 1 18 145 6
11 1 17 145 5
11 1 16 146 5
12 1 79 135 5
12 1 80 135 6
12 1 81 135 5
12 1 82 135 5
12 1 83 134 5
12 1 84 134 5
13 1 66 24 13
13 1 66 25 13
13 1 67 26 13
13 1 67 27 13
13 1 66 28 13
13 1 66 29 13
13 1 66 30 13
13 1 66 31 13
13 1 66 32 13
13 1 66 33 14
13 1 66 34 14
13 1 66 35 13
13 1 66 36 13
13 1 66 37 13
13 1 66 38 13
13 1 66 39 13
13 1 66 40 13
13 1 66 41 13
13 1 66 42 13
13 1 66 43 13
13 1 65 44 14
13 1 66 45 13
13 1 66 46 13
13 1 66 47 14
13 1 66 48 14
13 1 67 49 13
13 1 67 50 14
13 1 68 51 13
13 1 68 52 13
13 1 68 53 13
13 1 69 54 14
13 1 68 55 13
13 1 67 56 14
13 1 66 57 13
13 1 65 58 13
13 1 64 58 14
13 1 63 59 14
13 1 62 59 14
13 1 61 60 14
13 1 60 61 14
13 1 60 62 14
13 1 59 63 15
13 1 59 64 15
13 1 58 65 15
13 1 57 66 14
13 1 56 66 14
13 1 55 66 15
13 1 54 67 14
13 1 53 67 15
13 1 52 68 15
13 1 52 69 14
13 1 51 70 15
13 1 51 71 14
13 1 51 72 14
13 1 50 73 15
13 1 50 74 14
13 1 50 75 14
13 1 49 76 15
13 1 49 77 14
13 1 49 78 14
13 1 49 79 14
13 1 48 80 15
13 1 48 81 14
13 1 48 82 14
13 1 47 83 15
13 1 47 84 15
13 1 47 85 15
13 1 47 86 14
13 1 47 87 14
13 1 47 88 15
13 1 47 89 14
13 1 47 90 14
13 1 47 91 14
13 1 47 92 14
13 1 47 93 13
13 1 47 94 13
13 1 46 95 13
13 1 46 96 13
13 1 46 97 13
13 1 46 98 13
13 1 45 99 13
13 1 45 100 13
13 1 45 101 13
13 1 44 102 13
13 1 43 103 14
13 1 42 104 13
13 1 42 105 13
13 1 41 106 13
13 1 41 107 13
13 1 40 108 13
13 1 40 109 13
13 1 40 110 13
13 1 40 111 13
13 1 39 112 14
13 1 39 113 14
13 1 39 114 14
13 1 38 115 14
13 1 37 116 15
13 1 38 117 14
13 1 38 118 13
13 1 37 119 14
13 1 37 120 13
13 1 37 121 13
13 1 36 122 14
13 1 36 123 13
13 1 35 124 14
13 1 35 125 13
13 1 34 126 13
13 1 33 126 14
13 1 32 127 14
13 1 31 128 15
13 1 31 129 15
13 1 30 130 15
13 1 30 131 15
13 1 30 132 15
13 1 30 133 15
13 1 31 134 15
13 1 31 135 15
13 1 32 136 14
13 1 31 137 15
13 1 31 138 15
13 1 31 139 15
