1 2 53 15 4
1 2 52 16 5
1 2 51 17 5
1 2 50 17 4
1 2 49 17 5
1 2 48 18 5
1 2 47 19 5
1 2 47 20 5
1 2 46 21 5
1 2 46 22 5
1 2 46 23 5
1 2 46 24 6
1 2 46 25 6
2 1 53 15 4
2 1 54 16 5
2 1 55 16 5
2 1 56 16 5
2 1 57 16 6
2 1 58 16 6
2 1 59 15 5
2 1 60 15 5
2 1 61 15 5
2 1 62 15 5
2 1 63 15 5
2 1 64 15 5
2 1 65 15 5
2 1 66 15 5
2 1 67 15 5
2 1 68 15 5
2 1 69 15 5
2 1 70 15 5
2 1 71 15 5
2 1 72 15 5
2 1 73 15 5
2 1 74 16 5
2 1 75 16 5
2 1 76 16 5
2 1 77 16 5
2 1 78 16 5
2 1 79 16 5
2 1 80 16 5
2 1 81 16 5
2 1 82 16 5
2 1 83 16 5
2 1 84 16 5
2 1 85 16 5
2 1 86 16 5
2 1 87 16 5
2 1 88 15 5
2 1 89 15 5
3 2 14 72 4
3 2 13 73 4
3 2 12 73 4
3 2 11 74 5
3 2 10 75 5
3 2 9 76 5
3 2 10 77 5
3 2 11 78 6
3 2 12 78 6
3 2 13 78 5
3 2 14 78 6
3 2 15 78 6
3 2 16 79 5
3 2 17 79 5
3 2 18 79 5
3 2 19 80 5
3 2 20 80 5
3 2 21 81 5
3 2 22 82 5
3 2 23 82 5
3 2 24 82 4
3 2 25 82 4
3 2 26 82 4
3 2 27 82 4
3 2 28 82 4
3 2 29 83 5
3 2 30 83 5
3 2 31 83 5
3 2 32 83 5
4 1 53 15 4
4 1 54 16 5
4 1 55 16 5
4 1 56 16 5
4 1 57 16 6
4 1 58 16 6
4 1 59 15 5
4 1 60 15 5
4 1 61 15 5
4 1 62 15 5
4 1 63 15 5
4 1 64 15 5
4 1 65 15 5
4 1 66 15 5
4 1 67 15 5
4 1 68 15 5
4 1 69 15 5
4 1 70 15 5
4 1 71 15 5
4 1 72 15 5
4 1 73 15 5
4 1 74 16 5
4 1 75 16 5
4 1 76 16 5
4 1 77 16 5
4 1 78 16 5
4 1 79 16 5
4 1 80 16 5
4 1 81 16 5
4 1 82 16 5
4 1 83 16 5
4 1 84 16 5
4 1 85 16 5
4 1 86 16 5
4 1 87 16 5
4 1 88 15 5
4 1 89 15 5
5 2 41 28 5
5 2 42 27 5
5 2 43 27 6
5 2 44 26 5
5 2 45 26 6
5 2 46 25 6
6 2 41 28 5
6 2 40 28 5
6 2 39 28 5
6 2 38 28 5
6 2 37 28 6
7 2 41 28 5
7 2 42 29 5
7 2 42 30 6
7 2 42 31 5
7 2 42 32 6
8 2 33.5 30 5.5
8 2 33 30 5
8 2 32 31 6
8 2 31 32 5
8 2 30 32 5
8 2 29 33 5
8 2 28 34 5
8 2 27 35 6
8 2 26 35 6
8 2 25 36 5
8 2 24 36 5
8 2 23 37 5
8 2 22 38 6
9 2 33.5 30 5.5
9 2 34 30 6
9 2 35 29 5
9 2 36 29 6
10 2 33 30 5
10 2 32 31 6
10 2 31 32 5
10 2 30 32 5
10 2 29 33 5
10 2 28 34 5
10 2 27 35 6
10 2 26 35 6
10 2 25 36 5
10 2 24 36 5
10 2 23 37 5
10 2 22 38 6
10 2 21.4 39.8 5.2
11 2 21.4 39.8 5.2
11 2 21 41 5
11 2 20 42 5
11 2 19 43 6
11 2 18 44 6
11 2 17 45 6
11 2 16 45 6
11 2 15 46 6
12 2 21.4 39.8 5.2
12 2 22 41 5
12 2 23 41 5
12 2 24 42 5
12 2 25 42 5
12 2 26 42 5
12 2 27 42 5
12 2 28 42 6
12 2 29 42 6
12 2 30 41 5
12 2 31 41 5
12 2 32 40 5
12 2 33 39 6
12 2 34 39 5
12 2 35 38 6
12 2 36 38 6
12 2 37 37 6
12 2 38 36 6
12 2 39 35 5
12 2 40 34 5
12 2 41 34 5
12 2 42 33 5
12 2 42 32 6
13 2 16.333 58.667 5.3333
13 2 16 58 5
13 2 15 57 5
13 2 15 56 5
13 2 15 55 5
13 2 15 54 5
13 2 15 53 5
13 2 15 52 5
13 2 15 51 5
13 2 15 50 5
13 2 15 49 5
13 2 15 48 5
13 2 15 47 5
13 2 15 46 6
14 2 16.333 58.667 5.3333
14 2 17 59 5
14 2 18 59 5
14 2 19 59 5
15 2 17 59 5
15 2 18 59 5
15 2 19 59 5
15 2 19.667 59.333 5
16 2 19.667 59.333 5
16 2 20 59 5
16 2 21 58 5
16 2 22 57 5
16 2 23 56 5
16 2 24 56 5
16 2 25 55 5
16 2 26 55 5
16 2 27 54 5
16 2 28 54 5
16 2 29 53 5
16 2 30 53 5
16 2 31 53 5
16 2 32 53 5
16 2 33 52 5
16 2 34 52 5
16 2 35 51 4
16 2 36 52 5
16 2 37 52 5
16 2 38 52 5
16 2 39 52 5
16 2 40 52 5
16 2 41 52 5
16 2 42 52 5
16 2 43 52 5
16 2 44 53 5
16 2 45 53 5
16 2 46 53 5
16 2 47 54 5
16 2 48 54 5
16 2 49 54 5
16 2 50 55 5
16 2 51 55 5
16 2 52 56 5
16 2 53 56 5
16 2 54 57 5
16 2 55 57 5
16 2 56 58 5
16 2 57 58 5
16 2 58 59 5
16 2 59 59 5
16 2 60 60 5
16 2 61 60 5
16 2 62 60 5
16 2 63 61 5
16 2 64 61 5
16 2 65 61 5
16 2 66 61 5
16 2 67 61 5
16 2 68 62 5
16 2 69 62 5
16 2 70 61 5
16 2 71 61 5
16 2 72 61 5
16 2 73 61 5
16 2 74 61 5
16 2 75 61 5
16 2 76 60 5
16 2 77 60 5
16 2 78 59 5
16 2 79 59 5
16 2 80 59 5
16 2 81 58 5
16 2 82 58 5
16 2 83 58 5
16 2 84 58 5
16 2 85 58 5
16 2 86 58 5
16 2 87 58 5
16 2 88 58 5
16 2 89 58 5
16 2 90 57 5
16 2 91 57 5
16 2 92 57 5
16 2 93 56 5
16 2 94 55 5
16 2 94 54 5
16 2 94 53 5
16 2 94 52 6
16 2 94 51 5
16 2 93 50 6
16 2 92 49 6
16 2 91 48 6
16 2 90 48 7
16 2 89 47 6
16 2 88 47 7
16 2 87 46 6
16 2 86 45 6
16 2 85 45 7
16 2 84 44 6
16 2 83 43 6
16 2 82 42 5
16 2 81 41 5
16 2 80 40 5
16 2 79 39 5
16 2 78 38 5
16 2 77 37 5
16 2 76 36 5
16 2 75 35 5
16 2 74 34 5
16 2 73 34 5
16 2 72 33 5
16 2 71 33 5
16 2 70 33 5
16 2 69 33 5
16 2 68 33 5
16 2 67 32 5
16 2 66 32 5
16 2 65 32 4
16 2 64 32 4
16 2 63 32 4
16 2 62 31 4
16 2 61 31 5
16 2 60 30 5
16 2 59 29 5
16 2 58 29 5
16 2 57 29 6
16 2 56 28 5
16 2 55 28 5
16 2 54 28 5
16 2 53 27 5
16 2 52 27 5
16 2 51 27 5
16 2 50 27 5
16 2 49 26 5
16 2 48 26 5
16 2 47 26 5
16 2 46 25 6
17 2 19.667 59.333 5
17 2 20 60 5
17 2 21 61 5
17 2 22 62 5
17 2 23 62 5
17 2 24 62 5
17 2 25 62 5
17 2 26 62 5
17 2 27 62 5
17 2 28 62 5
17 2 29 62 5
17 2 30 62 5
17 2 31 62 5
17 2 32 62 5
17 2 33 62 5
17 2 34 62 6
17 2 35 62 6
17 2 36 62 5
17 2 37 62 5
17 2 38 62 5
17 2 39 63 5
17 2 40 63 5
17 2 41 63 5
17 2 42 63 5
17 2 43 63 5
17 2 44 64 5
17 2 45 64 5
17 2 46 64 5
17 2 47 65 5
17 2 48 66 5
17 2 48 67 4
17 2 48 68 5
17 2 49 69 4
17 2 49 70 4
17 2 49 71 4
17 2 49 72 4
17 2 49 73 4
17 2 48 74 5
18 2 20 60 5
18 2 21 61 5
18 2 22 62 5
18 2 23 62 5
18 2 24 62 5
18 2 25 62 5
18 2 26 62 5
18 2 27 62 5
18 2 28 62 5
18 2 29 62 5
18 2 30 62 5
18 2 31 62 5
18 2 32 62 5
18 2 33 62 5
18 2 34 62 6
18 2 35 62 6
18 2 36 62 5
18 2 37 62 5
18 2 38 62 5
18 2 39 63 5
18 2 40 63 5
18 2 41 63 5
18 2 42 63 5
18 2 43 63 5
18 2 44 64 5
18 2 45 64 5
18 2 46 64 5
18 2 47 65 5
18 2 48 66 5
18 2 48 67 4
18 2 48 68 5
18 2 49 69 4
18 2 49 70 4
18 2 49 71 4
18 2 49 72 4
18 2 49 73 4
18 2 48 74 5
19 1 48 74 5
19 1 49 75 4
19 1 50 76 5
19 1 51 77 5
19 1 52 77 5
19 1 53 77 5
19 1 54 77 4
19 1 55 78 5
19 1 56 78 5
19 1 57 78 5
19 1 58 78 5
19 1 59 78 5
19 1 60 78 5
19 1 61 78 5
19 1 62 79 5
19 1 63 79 5
19 1 64 79 5
19 1 65 79 5
19 1 66 79 5
19 1 67 79 5
19 1 68 79 5
19 1 69 79 5
19 1 70 79 5
19 1 71 79 5
19 1 72 79 5
19 1 73 79 5
19 1 74 79 5
19 1 75 79 5
19 1 76 79 5
19 1 77 79 5
19 1 78 79 5
19 1 79 80 5
19 1 80 80 5
19 1 81 80 5
19 1 82 80 5
19 1 83 80 5
19 1 84 80 5
19 1 85 80 6
19 1 86 79 5
19 1 87 79 6
19 1 88 78 5
19 1 89 78 4
19 1 90 78 5
19 1 91 77 5
19 1 92 76 5
19 1 93 75 5
20 2 48 74 5
20 2 47 75 5
20 2 46 75 5
20 2 45 75 5
20 2 44 75 5
20 2 43 76 5
20 2 42 76 5
20 2 41 76 5
20 2 40 76 6
20 2 39 77 5
20 2 38 77 5
20 2 37 77 6
21 1 48 74 5
21 1 49 75 4
21 1 50 76 5
21 1 51 77 5
21 1 52 77 5
21 1 53 77 5
21 1 54 77 4
21 1 55 78 5
21 1 56 78 5
21 1 57 78 5
21 1 58 78 5
21 1 59 78 5
21 1 60 78 5
21 1 61 78 5
21 1 62 79 5
21 1 63 79 5
21 1 64 79 5
21 1 65 79 5
21 1 66 79 5
21 1 67 79 5
21 1 68 79 5
21 1 69 79 5
21 1 70 79 5
21 1 71 79 5
21 1 72 79 5
21 1 73 79 5
21 1 74 79 5
21 1 75 79 5
21 1 76 79 5
21 1 77 79 5
21 1 78 79 5
21 1 79 80 5
21 1 80 80 5
21 1 81 80 5
21 1 82 80 5
21 1 83 80 5
21 1 84 80 5
21 1 85 80 6
21 1 86 79 5
21 1 87 79 6
21 1 88 78 5
21 1 89 78 4
21 1 90 78 5
21 1 91 77 5
21 1 92 76 5
21 1 93 75 5
22 2 14 72 4
22 2 13 73 4
22 2 12 73 4
22 2 11 74 5
22 2 10 75 5
22 2 9 76 5
22 2 10 77 5
22 2 11 78 6
22 2 12 78 6
22 2 13 78 5
22 2 14 78 6
22 2 15 78 6
22 2 16 79 5
22 2 17 79 5
22 2 18 79 5
22 2 19 80 5
22 2 20 80 5
22 2 21 81 5
22 2 22 82 5
22 2 23 82 5
22 2 24 82 4
22 2 25 82 4
22 2 26 82 4
22 2 27 82 4
22 2 28 82 4
22 2 29 83 5
22 2 30 83 5
22 2 31 83 5
22 2 32 83 5
22 2 32.667 82.667 5.3333
23 2 32.667 82.667 5.3333
23 2 33 82 5
23 2 33 81 5
23 2 34 80 6
23 2 35 79 6
24 2 88 129 5
24 2 87 130 5
24 2 86 131 5
24 2 85 132 5
24 2 85 133 6
25 1 78 135 5
25 1 77 134 5
25 1 77 133 6
25 1 76 132 6
25 1 75 132 5
25 1 74 131 5
25 1 73 131 5
25 1 72 131 5
25 1 71 130 5
25 1 70 130 5
25 1 69 130 5
25 1 68 129 5
25 1 67 129 5
25 1 66 128 5
25 1 65 128 5
25 1 64 127 5
25 1 63 127 5
25 1 62 126 5
25 1 61 126 5
25 1 60 125 5
25 1 59 125 5
25 1 58 124 5
25 1 57 123 5
25 1 56 123 6
25 1 55 123 5
25 1 54 123 5
25 1 53 123 5
25 1 52 123 5
25 1 51 123 5
25 1 50 123 5
25 1 49 123 5
25 1 48 122 5
25 1 47 122 5
25 1 46 122 5
25 1 45 121 6
25 1 44 121 5
25 1 43 121 5
25 1 42 120 5
25 1 41 120 5
25 1 40 119 5
25 1 39 119 5
25 1 38 118 5
25 1 37 118 5
25 1 36 117 5
25 1 35 117 5
25 1 34 117 5
25 1 33 116 5
25 1 32 116 5
25 1 31 116 5
25 1 30 116 5
25 1 29 116 5
25 1 28 116 5
25 1 27 116 5
25 1 26 116 5
25 1 25 116 5
25 1 24 115 5
25 1 23 115 5
25 1 22 115 5
25 1 21 115 5
25 1 20 114 5
25 1 19 114 5
25 1 18 114 5
25 1 17 113 5
25 1 16 113 5
25 1 15 113 5
25 1 14 113 5
25 1 13 113 5
25 1 12 113 5
25 1 11 112 5
25 1 10 113 6
25 1 9 112 6
25 1 8 112 5
25 1 7 112 6
25 1 6 111 5
25 1 5 111 6
25 1 4 111 6
25 1 3 110 5
25 1 3 109 5
26 2 78 135 5
26 2 79 135 5
26 2 80 135 5
26 2 81 135 5
26 2 82 135 5
26 2 83 134 6
26 2 84 134 6
27 1 78 135 5
27 1 77 136 5
27 1 76 137 6
27 1 75 138 5
27 1 74 138 5
27 1 73 137 5
27 1 72 138 6
27 1 71 139 5
27 1 70 139 6
27 1 69 139 6
27 1 68 140 6
27 1 67 140 6
27 1 66 140 6
27 1 65 140 6
27 1 64 140 6
27 1 63 140 6
27 1 62 140 5
27 1 61 140 5
27 1 60 140 5
27 1 59 140 5
27 1 58 140 5
27 1 57 140 5
27 1 56 140 5
27 1 55 140 6
27 1 54 140 6
27 1 53 140 6
27 1 52 140 6
27 1 51 140 6
27 1 50 140 6
27 1 49 140 6
27 1 48 140 7
27 1 47 141 6
27 1 46 141 6
27 1 45 141 6
27 1 44 141 6
27 1 43 141 6
27 1 42 141 6
27 1 41 141 6
27 1 40 141 6
27 1 39 141 6
27 1 38 141 6
27 1 37 142 5
27 1 36 142 5
27 1 35 142 5
27 1 34 142 5
27 1 33 143 5
27 1 32 143 5
27 1 31 143 5
27 1 30 143 5
27 1 29 143 5
27 1 28 143 6
27 1 27 143 6
27 1 26 143 6
27 1 25 143 6
27 1 24 144 5
27 1 23 143 5
27 1 22 144 6
27 1 21 144 6
27 1 20 145 5
27 1 19 145 6
27 1 18 145 5
28 1 78 135 5
28 1 77 136 5
28 1 76 137 6
28 1 75 138 5
28 1 74 138 5
28 1 73 137 5
28 1 72 138 6
28 1 71 139 5
28 1 70 139 6
28 1 69 139 6
28 1 68 140 6
28 1 67 140 6
28 1 66 140 6
28 1 65 140 6
28 1 64 140 6
28 1 63 140 6
28 1 62 140 5
28 1 61 140 5
28 1 60 140 5
28 1 59 140 5
28 1 58 140 5
28 1 57 140 5
28 1 56 140 5
28 1 55 140 6
28 1 54 140 6
28 1 53 140 6
28 1 52 140 6
28 1 51 140 6
28 1 50 140 6
28 1 49 140 6
28 1 48 140 7
28 1 47 141 6
28 1 46 141 6
28 1 45 141 6
28 1 44 141 6
28 1 43 141 6
28 1 42 141 6
28 1 41 141 6
28 1 40 141 6
28 1 39 141 6
28 1 38 141 6
28 1 37 142 5
28 1 36 142 5
28 1 35 142 5
28 1 34 142 5
28 1 33 143 5
28 1 32 143 5
28 1 31 143 5
28 1 30 143 5
28 1 29 143 5
28 1 28 143 6
28 1 27 143 6
28 1 26 143 6
28 1 25 143 6
28 1 24 144 5
28 1 23 143 5
28 1 22 144 6
28 1 21 144 6
28 1 20 145 5
28 1 19 145 6
28 1 18 145 5
29 2 53 15 4
29 2 52 16 5
29 2 51 17 5
29 2 50 17 4
29 2 49 17 5
29 2 48 18 5
29 2 47 19 5
29 2 47 20 5
29 2 46 21 5
29 2 46 22 5
29 2 46 23 5
29 2 46 24 6
29 2 46 25 6
30 2 41 28 5
30 2 42 27 5
30 2 43 27 6
30 2 44 26 5
30 2 45 26 6
30 2 46 25 6
31 2 20 59 5
31 2 21 58 5
31 2 22 57 5
31 2 23 56 5
31 2 24 56 5
31 2 25 55 5
31 2 26 55 5
31 2 27 54 5
31 2 28 54 5
31 2 29 53 5
31 2 30 53 5
31 2 31 53 5
31 2 32 53 5
31 2 33 52 5
31 2 34 52 5
31 2 35 51 4
31 2 36 52 5
31 2 37 52 5
31 2 38 52 5
31 2 39 52 5
31 2 40 52 5
31 2 41 52 5
31 2 42 52 5
31 2 43 52 5
31 2 44 53 5
31 2 45 53 5
31 2 46 53 5
31 2 47 54 5
31 2 48 54 5
31 2 49 54 5
31 2 50 55 5
31 2 51 55 5
31 2 52 56 5
31 2 53 56 5
31 2 54 57 5
31 2 55 57 5
31 2 56 58 5
31 2 57 58 5
31 2 58 59 5
31 2 59 59 5
31 2 60 60 5
31 2 61 60 5
31 2 62 60 5
31 2 63 61 5
31 2 64 61 5
31 2 65 61 5
31 2 66 61 5
31 2 67 61 5
31 2 68 62 5
31 2 69 62 5
31 2 70 61 5
31 2 71 61 5
31 2 72 61 5
31 2 73 61 5
31 2 74 61 5
31 2 75 61 5
31 2 76 60 5
31 2 77 60 5
31 2 78 59 5
31 2 79 59 5
31 2 80 59 5
31 2 81 58 5
31 2 82 58 5
31 2 83 58 5
31 2 84 58 5
31 2 85 58 5
31 2 86 58 5
31 2 87 58 5
31 2 88 58 5
31 2 89 58 5
31 2 90 57 5
31 2 91 57 5
31 2 92 57 5
31 2 93 56 5
31 2 94 55 5
31 2 94 54 5
31 2 94 53 5
31 2 94 52 6
31 2 94 51 5
31 2 93 50 6
31 2 92 49 6
31 2 91 48 6
31 2 90 48 7
31 2 89 47 6
31 2 88 47 7
31 2 87 46 6
31 2 86 45 6
31 2 85 45 7
31 2 84 44 6
31 2 83 43 6
31 2 82 42 5
31 2 81 41 5
31 2 80 40 5
31 2 79 39 5
31 2 78 38 5
31 2 77 37 5
31 2 76 36 5
31 2 75 35 5
31 2 74 34 5
31 2 73 34 5
31 2 72 33 5
31 2 71 33 5
31 2 70 33 5
31 2 69 33 5
31 2 68 33 5
31 2 67 32 5
31 2 66 32 5
31 2 65 32 4
31 2 64 32 4
31 2 63 32 4
31 2 62 31 4
31 2 61 31 5
31 2 60 30 5
31 2 59 29 5
31 2 58 29 5
31 2 57 29 6
31 2 56 28 5
31 2 55 28 5
31 2 54 28 5
31 2 53 27 5
31 2 52 27 5
31 2 51 27 5
31 2 50 27 5
31 2 49 26 5
31 2 48 26 5
31 2 47 26 5
31 2 46 25 6
32 2 41 28 5
32 2 40 28 5
32 2 39 28 5
32 2 38 28 5
32 2 37 28 6
32 2 36.667 28.667 6.3333
33 2 34 30 6
33 2 35 29 5
33 2 36 29 6
33 2 36.667 28.667 6.3333
34 2 36.667 28.667 6.3333
34 2 37 29 7
34 2 38 30 7
34 2 39 31 7
34 2 40 31 7
34 2 41 32 7
34 2 42 32 6
35 2 41 28 5
35 2 42 29 5
35 2 42 30 6
35 2 42 31 5
35 2 42 32 6
36 2 22 41 5
36 2 23 41 5
36 2 24 42 5
36 2 25 42 5
36 2 26 42 5
36 2 27 42 5
36 2 28 42 6
36 2 29 42 6
36 2 30 41 5
36 2 31 41 5
36 2 32 40 5
36 2 33 39 6
36 2 34 39 5
36 2 35 38 6
36 2 36 38 6
36 2 37 37 6
36 2 38 36 6
36 2 39 35 5
36 2 40 34 5
36 2 41 34 5
36 2 42 33 5
36 2 42 32 6
37 2 37 29 7
37 2 38 30 7
37 2 39 31 7
37 2 40 31 7
37 2 41 32 7
37 2 42 32 6
38 2 7 44 6
38 2 8 45 6
38 2 9 45 7
38 2 10 45 7
38 2 11 46 7
38 2 12 46 7
38 2 13 46 7
38 2 14 46 7
38 2 15 46 6
39 2 21 41 5
39 2 20 42 5
39 2 19 43 6
39 2 18 44 6
39 2 17 45 6
39 2 16 45 6
39 2 15 46 6
40 2 16 58 5
40 2 15 57 5
40 2 15 56 5
40 2 15 55 5
40 2 15 54 5
40 2 15 53 5
40 2 15 52 5
40 2 15 51 5
40 2 15 50 5
40 2 15 49 5
40 2 15 48 5
40 2 15 47 5
40 2 15 46 6
41 2 7 44 6
41 2 8 45 6
41 2 9 45 7
41 2 10 45 7
41 2 11 46 7
41 2 12 46 7
41 2 13 46 7
41 2 14 46 7
41 2 15 46 6
42 2 48 74 5
42 2 47 75 5
42 2 46 75 5
42 2 45 75 5
42 2 44 75 5
42 2 43 76 5
42 2 42 76 5
42 2 41 76 5
42 2 40 76 6
42 2 39 77 5
42 2 38 77 5
42 2 37 77 6
42 2 36 77.75 6
43 2 33 82 5
43 2 33 81 5
43 2 34 80 6
43 2 35 79 6
43 2 36 77.75 6
44 2 88 129 5
44 2 87 130 5
44 2 86 131 5
44 2 85 132 5
44 2 85 133 6
44 2 84.667 133.67 6
45 2 78 135 5
45 2 79 135 5
45 2 80 135 5
45 2 81 135 5
45 2 82 135 5
45 2 83 134 6
45 2 84 134 6
45 2 84.667 133.67 6
46 1 78 135 5
46 1 77 134 5
46 1 77 133 6
46 1 76 132 6
46 1 75 132 5
46 1 74 131 5
46 1 73 131 5
46 1 72 131 5
46 1 71 130 5
46 1 70 130 5
46 1 69 130 5
46 1 68 129 5
46 1 67 129 5
46 1 66 128 5
46 1 65 128 5
46 1 64 127 5
46 1 63 127 5
46 1 62 126 5
46 1 61 126 5
46 1 60 125 5
46 1 59 125 5
46 1 58 124 5
46 1 57 123 5
46 1 56 123 6
46 1 55 123 5
46 1 54 123 5
46 1 53 123 5
46 1 52 123 5
46 1 51 123 5
46 1 50 123 5
46 1 49 123 5
46 1 48 122 5
46 1 47 122 5
46 1 46 122 5
46 1 45 121 6
46 1 44 121 5
46 1 43 121 5
46 1 42 120 5
46 1 41 120 5
46 1 40 119 5
46 1 39 119 5
46 1 38 118 5
46 1 37 118 5
46 1 36 117 5
46 1 35 117 5
46 1 34 117 5
46 1 33 116 5
46 1 32 116 5
46 1 31 116 5
46 1 30 116 5
46 1 29 116 5
46 1 28 116 5
46 1 27 116 5
46 1 26 116 5
46 1 25 116 5
46 1 24 115 5
46 1 23 115 5
46 1 22 115 5
46 1 21 115 5
46 1 20 114 5
46 1 19 114 5
46 1 18 114 5
46 1 17 113 5
46 1 16 113 5
46 1 15 113 5
46 1 14 113 5
46 1 13 113 5
46 1 12 113 5
46 1 11 112 5
46 1 10 113 6
46 1 9 112 6
46 1 8 112 5
46 1 7 112 6
46 1 6 111 5
46 1 5 111 6
46 1 4 111 6
46 1 3 110 5
46 1 3 109 5
47 1 71 6 12
47 1 70 7 13
47 1 70 8 13
47 1 69 9 13
47 1 69 10 13
47 1 68 11 13
47 1 68 12 13
47 1 68 13 13
47 1 68 14 13
47 1 67 15 13
47 1 67 16 14
47 1 67 17 14
47 1 67 18 14
47 1 67 19 13
47 1 67 20 13
47 1 67 21 13
47 1 66 22 13
47 1 66 23 13
47 1 66 24 14
47 1 66 25 14
47 1 66 26 14
47 1 66 27 13
47 1 66 28 13
47 1 66 29 14
47 1 66 30 14
47 1 66 31 14
47 1 66 32 14
47 1 66 33 14
47 1 66 34 13
47 1 66 35 13
47 1 66 36 13
47 1 66 37 13
47 1 66 38 12
47 1 66 39 13
47 1 66 40 13
47 1 66 41 13
47 1 66 42 13
47 1 66 43 13
47 1 66 44 13
47 1 66 45 14
47 1 66 46 14
47 1 66 47 14
47 1 67 48 13
47 1 67 49 14
47 1 67 50 14
47 1 68 51 13
47 1 68 52 14
47 1 69 53 13
47 1 69 54 13
47 1 68 55 14
47 1 67 56 13
47 1 66 57 13
47 1 65 58 14
47 1 64 59 14
47 1 63 59 14
47 1 62 59 14
47 1 61 59 14
47 1 60 60 15
47 1 60 61 14
47 1 59 62 15
47 1 59 63 15
47 1 59 64 15
47 1 58 65 14
47 1 57 66 15
47 1 56 66 15
47 1 55 66 15
47 1 54 66 15
47 1 53 67 14
47 1 52 68 15
47 1 51 69 15
47 1 51 70 15
47 1 51 71 15
47 1 50 72 15
47 1 50 73 15
47 1 50 74 15
47 1 50 75 14
47 1 49 76 15
47 1 49 77 15
47 1 49 78 14
47 1 49 79 14
47 1 48 80 14
47 1 48 81 14
47 1 48 82 14
47 1 48 83 14
47 1 47 84 15
47 1 47 85 14
47 1 47 86 15
47 1 47 87 14
47 1 47 88 14
47 1 47 89 13
47 1 47 90 13
47 1 47 91 13
47 1 47 92 13
47 1 47 93 13
47 1 47 94 13
47 1 46 95 13
47 1 46 96 13
47 1 45 97 14
47 1 45 98 13
47 1 45 99 13
47 1 45 100 13
47 1 44 101 14
47 1 44 102 13
47 1 44 103 13
47 1 43 104 13
47 1 42 105 13
47 1 41 106 13
47 1 41 107 13
47 1 40 108 13
47 1 40 109 13
47 1 40 110 13
47 1 39 111 13
47 1 39 112 13
47 1 39 113 13
47 1 39 114 13
47 1 39 115 13
47 1 38 116 14
47 1 38 117 13
47 1 38 118 13
47 1 37 119 13
47 1 37 120 14
47 1 36 121 15
47 1 36 122 14
47 1 35 123 14
47 1 34 124 15
47 1 33 125 15
47 1 33 126 14
47 1 33 127 13
47 1 32 128 14
47 1 32 129 13
47 1 32 130 13
47 1 31 131 14
47 1 31 132 14
47 1 31 133 14
47 1 31 134 15
47 1 31 135 15
47 1 32 136 14
47 1 31 137 15
47 1 31 138 15
48 1 71 6 12
48 1 70 7 13
48 1 70 8 13
48 1 69 9 13
48 1 69 10 13
48 1 68 11 13
48 1 68 12 13
48 1 68 13 13
48 1 68 14 13
48 1 67 15 13
48 1 67 16 14
48 1 67 17 14
48 1 67 18 14
48 1 67 19 13
48 1 67 20 13
48 1 67 21 13
48 1 66 22 13
48 1 66 23 13
48 1 66 24 14
48 1 66 25 14
48 1 66 26 14
48 1 66 27 13
48 1 66 28 13
48 1 66 29 14
48 1 66 30 14
48 1 66 31 14
48 1 66 32 14
48 1 66 33 14
48 1 66 34 13
48 1 66 35 13
48 1 66 36 13
48 1 66 37 13
48 1 66 38 12
48 1 66 39 13
48 1 66 40 13
48 1 66 41 13
48 1 66 42 13
48 1 66 43 13
48 1 66 44 13
48 1 66 45 14
48 1 66 46 14
48 1 66 47 14
48 1 67 48 13
48 1 67 49 14
48 1 67 50 14
48 1 68 51 13
48 1 68 52 14
48 1 69 53 13
48 1 69 54 13
48 1 68 55 14
48 1 67 56 13
48 1 66 57 13
48 1 65 58 14
48 1 64 59 14
48 1 63 59 14
48 1 62 59 14
48 1 61 59 14
48 1 60 60 15
48 1 60 61 14
48 1 59 62 15
48 1 59 63 15
48 1 59 64 15
48 1 58 65 14
48 1 57 66 15
48 1 56 66 15
48 1 55 66 15
48 1 54 66 15
48 1 53 67 14
48 1 52 68 15
48 1 51 69 15
48 1 51 70 15
48 1 51 71 15
48 1 50 72 15
48 1 50 73 15
48 1 50 74 15
48 1 50 75 14
48 1 49 76 15
48 1 49 77 15
48 1 49 78 14
48 1 49 79 14
48 1 48 80 14
48 1 48 81 14
48 1 48 82 14
48 1 48 83 14
48 1 47 84 15
48 1 47 85 14
48 1 47 86 15
48 1 47 87 14
48 1 47 88 14
48 1 47 89 13
48 1 47 90 13
48 1 47 91 13
48 1 47 92 13
48 1 47 93 13
48 1 47 94 13
48 1 46 95 13
48 1 46 96 13
48 1 45 97 14
48 1 45 98 13
48 1 45 99 13
48 1 45 100 13
48 1 44 101 14
48 1 44 102 13
48 1 44 103 13
48 1 43 104 13
48 1 42 105 13
48 1 41 106 13
48 1 41 107 13
48 1 40 108 13
48 1 40 109 13
48 1 40 110 13
48 1 39 111 13
48 1 39 112 13
48 1 39 113 13
48 1 39 114 13
48 1 39 115 13
48 1 38 116 14
48 1 38 117 13
48 1 38 118 13
48 1 37 119 13
48 1 37 120 14
48 1 36 121 15
48 1 36 122 14
48 1 35 123 14
48 1 34 124 15
48 1 33 125 15
48 1 33 126 14
48 1 33 127 13
48 1 32 128 14
48 1 32 129 13
48 1 32 130 13
48 1 31 131 14
48 1 31 132 14
48 1 31 133 14
48 1 31 134 15
48 1 31 135 15
48 1 32 136 14
48 1 31 137 15
48 1 31 138 15
