1 2 41 28 5
1 2 42 27 5
1 2 43 27 6
1 2 44 26 5
1 2 45 26 6
1 2 46 25 6
2 2 41 28 5
2 2 40 28 5
2 2 39 28 5
2 2 38 28 5
2 2 37 28 6
3 2 41 28 5
3 2 42 29 5
3 2 42 30 6
3 2 42 31 5
3 2 42 32 6
4 2 21.333 40.667 5
4 2 21 40 5
4 2 21 39 5
4 2 22 38 6
4 2 23 37 5
4 2 24 36 5
4 2 25 36 5
4 2 26 35 6
4 2 27 35 6
4 2 28 34 5
4 2 29 33 5
4 2 30 32 5
4 2 31 32 5
4 2 32 31 6
4 2 33 30 5
4 2 34 30 6
4 2 35 29 5
4 2 36 29 6
5 2 21.333 40.667 5
5 2 21 41 5
5 2 20 42 5
5 2 19 43 6
5 2 18 44 6
5 2 17 45 6
5 2 16 45 6
5 2 15 46 6
6 2 21.333 40.667 5
6 2 22 41 5
6 2 23 41 5
6 2 24 42 5
6 2 25 42 5
6 2 26 42 5
6 2 27 42 5
6 2 28 42 6
6 2 29 42 6
6 2 30 41 5
6 2 31 41 5
6 2 32 40 5
6 2 33 39 6
6 2 34 39 5
6 2 35 38 6
6 2 36 38 6
6 2 37 37 6
6 2 38 36 6
6 2 39 35 5
6 2 40 34 5
6 2 41 34 5
6 2 42 33 5
6 2 42 32 6
7 2 19.667 59.333 5
7 2 19 59 5
7 2 18 59 5
7 2 17 59 5
7 2 16 58 5
7 2 15 57 5
7 2 15 56 5
7 2 15 55 5
7 2 15 54 5
7 2 15 53 5
7 2 15 52 5
7 2 15 51 5
7 2 15 50 5
7 2 15 49 5
7 2 15 48 5
7 2 15 47 5
7 2 15 46 6
8 2 19.667 59.333 5
8 2 20 59 5
8 2 21 58 5
8 2 22 57 5
8 2 23 56 5
8 2 24 56 5
8 2 25 55 5
8 2 26 55 5
8 2 27 54 5
8 2 28 54 5
8 2 29 53 5
8 2 30 53 5
8 2 31 53 5
8 2 32 53 5
8 2 33 52 5
8 2 34 52 5
8 2 35 51 4
8 2 36 52 5
8 2 37 52 5
8 2 38 52 5
8 2 39 52 5
8 2 40 52 5
8 2 41 52 5
8 2 42 52 5
8 2 43 52 5
8 2 44 53 5
8 2 45 53 5
8 2 46 53 5
8 2 47 54 5
8 2 48 54 5
8 2 49 54 5
8 2 50 55 5
8 2 51 55 5
8 2 52 56 5
8 2 53 56 5
8 2 54 57 5
8 2 55 57 5
8 2 56 58 5
8 2 57 58 5
8 2 58 59 5
8 2 59 59 5
8 2 60 60 5
8 2 61 60 5
8 2 62 60 5
8 2 63 61 5
8 2 64 61 5
8 2 65 61 5
8 2 66 61 5
8 2 67 61 5
8 2 68 62 5
8 2 69 62 5
8 2 70 61 5
8 2 71 61 5
8 2 72 61 5
8 2 73 61 5
8 2 74 61 5
8 2 75 61 5
8 2 76 60 5
8 2 77 60 5
8 2 78 59 5
8 2 79 59 5
8 2 80 59 5
8 2 81 58 5
8 2 82 58 5
8 2 83 58 5
8 2 84 58 5
8 2 85 58 5
8 2 86 58 5
8 2 87 58 5
8 2 88 58 5
8 2 89 58 5
8 2 90 57 5
8 2 91 57 5
8 2 92 57 5
8 2 93 56 5
8 2 94 55 5
8 2 94 54 5
8 2 94 53 5
8 2 94 52 6
8 2 94 51 5
8 2 93 50 6
8 2 92 49 6
8 2 91 48 6
8 2 90 48 7
8 2 89 47 6
8 2 88 47 7
8 2 87 46 6
8 2 86 45 6
8 2 85 45 7
8 2 84 44 6
8 2 83 43 6
8 2 82 42 5
8 2 81 41 5
8 2 80 40 5
8 2 79 39 5
8 2 78 38 5
8 2 77 37 5
8 2 76 36 5
8 2 75 35 5
8 2 74 34 5
8 2 73 34 5
8 2 72 33 5
8 2 71 33 5
8 2 70 33 5
8 2 69 33 5
8 2 68 33 5
8 2 67 32 5
8 2 66 32 5
8 2 65 32 4
8 2 64 32 4
8 2 63 32 4
8 2 62 31 4
8 2 61 31 5
8 2 60 30 5
8 2 59 29 5
8 2 58 29 5
8 2 57 29 6
8 2 56 28 5
8 2 55 28 5
8 2 54 28 5
8 2 53 27 5
8 2 52 27 5
8 2 51 27 5
8 2 50 27 5
8 2 49 26 5
8 2 48 26 5
8 2 47 26 5
8 2 46 25 6
9 2 19.667 59.333 5
9 2 20 60 5
9 2 21 61 5
9 2 22 62 5
9 2 23 62 5
9 2 24 62 5
9 2 25 62 5
9 2 26 62 5
9 2 27 62 5
9 2 28 62 5
9 2 29 62 5
9 2 30 62 5
9 2 31 62 5
9 2 32 62 5
9 2 33 62 5
9 2 34 62 6
9 2 35 62 6
9 2 36 62 5
9 2 37 62 5
9 2 38 62 5
9 2 39 63 5
9 2 40 63 5
9 2 41 63 5
9 2 42 63 5
9 2 43 63 5
9 2 44 64 5
9 2 45 64 5
9 2 46 64 5
9 2 47 65 5
9 2 48 66 5
9 2 48 67 4
9 2 48 68 5
9 2 49 69 4
9 2 49 70 4
9 2 49 71 4
9 2 49 72 4
9 2 49 73 4
9 2 48 74 5
10 2 20 60 5
10 2 21 61 5
10 2 22 62 5
10 2 23 62 5
10 2 24 62 5
10 2 25 62 5
10 2 26 62 5
10 2 27 62 5
10 2 28 62 5
10 2 29 62 5
10 2 30 62 5
10 2 31 62 5
10 2 32 62 5
10 2 33 62 5
10 2 34 62 6
10 2 35 62 6
10 2 36 62 5
10 2 37 62 5
10 2 38 62 5
10 2 39 63 5
10 2 40 63 5
10 2 41 63 5
10 2 42 63 5
10 2 43 63 5
10 2 44 64 5
10 2 45 64 5
10 2 46 64 5
10 2 47 65 5
10 2 48 66 5
10 2 48 67 4
10 2 48 68 5
10 2 49 69 4
10 2 49 70 4
10 2 49 71 4
10 2 49 72 4
10 2 49 73 4
10 2 48 74 5
11 1 48 74 5
11 1 49 75 4
11 1 50 76 5
11 1 51 77 5
11 1 52 77 5
11 1 53 77 5
11 1 54 77 4
11 1 55 78 5
11 1 56 78 5
11 1 57 78 5
11 1 58 78 5
11 1 59 78 5
11 1 60 78 5
11 1 61 78 5
11 1 62 79 5
11 1 63 79 5
11 1 64 79 5
11 1 65 79 5
11 1 66 79 5
11 1 67 79 5
11 1 68 79 5
11 1 69 79 5
11 1 70 79 5
11 1 71 79 5
11 1 72 79 5
11 1 73 79 5
11 1 74 79 5
11 1 75 79 5
11 1 76 79 5
11 1 77 79 5
11 1 78 79 5
11 1 79 80 5
11 1 80 80 5
11 1 81 80 5
11 1 82 80 5
11 1 83 80 5
11 1 84 80 5
11 1 85 80 6
11 1 86 79 5
11 1 87 79 6
11 1 88 78 5
11 1 89 78 4
11 1 90 78 5
11 1 91 77 5
11 1 92 76 5
11 1 93 75 5
12 1 48 74 5
12 1 47 75 5
12 1 46 75 5
12 1 45 75 5
12 1 44 75 5
12 1 43 76 5
12 1 42 76 5
12 1 41 76 5
12 1 40 76 6
12 1 39 77 5
12 1 38 77 5
12 1 37 77 6
12 1 36 78 6
12 1 35 79 6
12 1 34 80 6
12 1 33 81 5
12 1 33 82 5
12 1 32 83 5
12 1 31 83 5
12 1 30 83 5
12 1 29 83 5
12 1 28 82 4
12 1 27 82 4
12 1 26 82 4
12 1 25 82 4
12 1 24 82 4
12 1 23 82 5
12 1 22 82 5
12 1 21 81 5
12 1 20 80 5
12 1 19 80 5
12 1 18 79 5
12 1 17 79 5
12 1 16 79 5
12 1 15 78 6
12 1 14 78 6
12 1 13 78 5
12 1 12 78 6
12 1 11 78 6
12 1 10 77 5
12 1 9 76 5
12 1 10 75 5
12 1 11 74 5
12 1 12 73 4
12 1 13 73 4
12 1 14 72 4
13 1 78 135 5
13 1 77 134 5
13 1 77 133 6
13 1 76 132 6
13 1 75 132 5
13 1 74 131 5
13 1 73 131 5
13 1 72 131 5
13 1 71 130 5
13 1 70 130 5
13 1 69 130 5
13 1 68 129 5
13 1 67 129 5
13 1 66 128 5
13 1 65 128 5
13 1 64 127 5
13 1 63 127 5
13 1 62 126 5
13 1 61 126 5
13 1 60 125 5
13 1 59 125 5
13 1 58 124 5
13 1 57 123 5
13 1 56 123 6
13 1 55 123 5
13 1 54 123 5
13 1 53 123 5
13 1 52 123 5
13 1 51 123 5
13 1 50 123 5
13 1 49 123 5
13 1 48 122 5
13 1 47 122 5
13 1 46 122 5
13 1 45 121 6
13 1 44 121 5
13 1 43 121 5
13 1 42 120 5
13 1 41 120 5
13 1 40 119 5
13 1 39 119 5
13 1 38 118 5
13 1 37 118 5
13 1 36 117 5
13 1 35 117 5
13 1 34 117 5
13 1 33 116 5
13 1 32 116 5
13 1 31 116 5
13 1 30 116 5
13 1 29 116 5
13 1 28 116 5
13 1 27 116 5
13 1 26 116 5
13 1 25 116 5
13 1 24 115 5
13 1 23 115 5
13 1 22 115 5
13 1 21 115 5
13 1 20 114 5
13 1 19 114 5
13 1 18 114 5
13 1 17 113 5
13 1 16 113 5
13 1 15 113 5
13 1 14 113 5
13 1 13 113 5
13 1 12 113 5
13 1 11 112 5
13 1 10 113 6
13 1 9 112 6
13 1 8 112 5
13 1 7 112 6
13 1 6 111 5
13 1 5 111 6
13 1 4 111 6
13 1 3 110 5
13 1 3 109 5
14 1 78 135 5
14 1 77 136 5
14 1 76 137 6
14 1 75 138 5
14 1 74 138 5
14 1 73 137 5
14 1 72 138 6
14 1 71 139 5
14 1 70 139 6
14 1 69 139 6
14 1 68 140 6
14 1 67 140 6
14 1 66 140 6
14 1 65 140 6
14 1 64 140 6
14 1 63 140 6
14 1 62 140 5
14 1 61 140 5
14 1 60 140 5
14 1 59 140 5
14 1 58 140 5
14 1 57 140 5
14 1 56 140 5
14 1 55 140 6
14 1 54 140 6
14 1 53 140 6
14 1 52 140 6
14 1 51 140 6
14 1 50 140 6
14 1 49 140 6
14 1 48 140 7
14 1 47 141 6
14 1 46 141 6
14 1 45 141 6
14 1 44 141 6
14 1 43 141 6
14 1 42 141 6
14 1 41 141 6
14 1 40 141 6
14 1 39 141 6
14 1 38 141 6
14 1 37 142 5
14 1 36 142 5
14 1 35 142 5
14 1 34 142 5
14 1 33 143 5
14 1 32 143 5
14 1 31 143 5
14 1 30 143 5
14 1 29 143 5
14 1 28 143 6
14 1 27 143 6
14 1 26 143 6
14 1 25 143 6
14 1 24 144 5
14 1 23 143 5
14 1 22 144 6
14 1 21 144 6
14 1 20 145 5
14 1 19 145 6
14 1 18 145 5
15 2 41 28 5
15 2 42 27 5
15 2 43 27 6
15 2 44 26 5
15 2 45 26 6
15 2 46 25 6
16 2 20 59 5
16 2 21 58 5
16 2 22 57 5
16 2 23 56 5
16 2 24 56 5
16 2 25 55 5
16 2 26 55 5
16 2 27 54 5
16 2 28 54 5
16 2 29 53 5
16 2 30 53 5
16 2 31 53 5
16 2 32 53 5
16 2 33 52 5
16 2 34 52 5
16 2 35 51 4
16 2 36 52 5
16 2 37 52 5
16 2 38 52 5
16 2 39 52 5
16 2 40 52 5
16 2 41 52 5
16 2 42 52 5
16 2 43 52 5
16 2 44 53 5
16 2 45 53 5
16 2 46 53 5
16 2 47 54 5
16 2 48 54 5
16 2 49 54 5
16 2 50 55 5
16 2 51 55 5
16 2 52 56 5
16 2 53 56 5
16 2 54 57 5
16 2 55 57 5
16 2 56 58 5
16 2 57 58 5
16 2 58 59 5
16 2 59 59 5
16 2 60 60 5
16 2 61 60 5
16 2 62 60 5
16 2 63 61 5
16 2 64 61 5
16 2 65 61 5
16 2 66 61 5
16 2 67 61 5
16 2 68 62 5
16 2 69 62 5
16 2 70 61 5
16 2 71 61 5
16 2 72 61 5
16 2 73 61 5
16 2 74 61 5
16 2 75 61 5
16 2 76 60 5
16 2 77 60 5
16 2 78 59 5
16 2 79 59 5
16 2 80 59 5
16 2 81 58 5
16 2 82 58 5
16 2 83 58 5
16 2 84 58 5
16 2 85 58 5
16 2 86 58 5
16 2 87 58 5
16 2 88 58 5
16 2 89 58 5
16 2 90 57 5
16 2 91 57 5
16 2 92 57 5
16 2 93 56 5
16 2 94 55 5
16 2 94 54 5
16 2 94 53 5
16 2 94 52 6
16 2 94 51 5
16 2 93 50 6
16 2 92 49 6
16 2 91 48 6
16 2 90 48 7
16 2 89 47 6
16 2 88 47 7
16 2 87 46 6
16 2 86 45 6
16 2 85 45 7
16 2 84 44 6
16 2 83 43 6
16 2 82 42 5
16 2 81 41 5
16 2 80 40 5
16 2 79 39 5
16 2 78 38 5
16 2 77 37 5
16 2 76 36 5
16 2 75 35 5
16 2 74 34 5
16 2 73 34 5
16 2 72 33 5
16 2 71 33 5
16 2 70 33 5
16 2 69 33 5
16 2 68 33 5
16 2 67 32 5
16 2 66 32 5
16 2 65 32 4
16 2 64 32 4
16 2 63 32 4
16 2 62 31 4
16 2 61 31 5
16 2 60 30 5
16 2 59 29 5
16 2 58 29 5
16 2 57 29 6
16 2 56 28 5
16 2 55 28 5
16 2 54 28 5
16 2 53 27 5
16 2 52 27 5
16 2 51 27 5
16 2 50 27 5
16 2 49 26 5
16 2 48 26 5
16 2 47 26 5
16 2 46 25 6
17 1 46 25 6
17 1 46 24 6
17 1 46 23 5
17 1 46 22 5
17 1 46 21 5
17 1 47 20 5
17 1 47 19 5
17 1 48 18 5
17 1 49 17 5
17 1 50 17 4
17 1 51 17 5
17 1 52 16 5
17 1 53 15 4
17 1 54 16 5
17 1 55 16 5
17 1 56 16 5
17 1 57 16 6
17 1 58 16 6
17 1 59 15 5
17 1 60 15 5
17 1 61 15 5
17 1 62 15 5
17 1 63 15 5
17 1 64 15 5
17 1 65 15 5
17 1 66 15 5
17 1 67 15 5
17 1 68 15 5
17 1 69 15 5
17 1 70 15 5
17 1 71 15 5
17 1 72 15 5
17 1 73 15 5
17 1 74 16 5
17 1 75 16 5
17 1 76 16 5
17 1 77 16 5
17 1 78 16 5
17 1 79 16 5
17 1 80 16 5
17 1 81 16 5
17 1 82 16 5
17 1 83 16 5
17 1 84 16 5
17 1 85 16 5
17 1 86 16 5
17 1 87 16 5
17 1 88 15 5
17 1 89 15 5
18 2 41 28 5
18 2 40 28 5
18 2 39 28 5
18 2 38 28 5
18 2 37 28 6
18 2 36.667 28.667 6.3333
19 2 21 40 5
19 2 21 39 5
19 2 22 38 6
19 2 23 37 5
19 2 24 36 5
19 2 25 36 5
19 2 26 35 6
19 2 27 35 6
19 2 28 34 5
19 2 29 33 5
19 2 30 32 5
19 2 31 32 5
19 2 32 31 6
19 2 33 30 5
19 2 34 30 6
19 2 35 29 5
19 2 36 29 6
19 2 36.667 28.667 6.3333
20 2 36.667 28.667 6.3333
20 2 37 29 7
20 2 38 30 7
20 2 39 31 7
20 2 40 31 7
20 2 41 32 7
20 2 42 32 6
21 2 41 28 5
21 2 42 29 5
21 2 42 30 6
21 2 42 31 5
21 2 42 32 6
22 2 22 41 5
22 2 23 41 5
22 2 24 42 5
22 2 25 42 5
22 2 26 42 5
22 2 27 42 5
22 2 28 42 6
22 2 29 42 6
22 2 30 41 5
22 2 31 41 5
22 2 32 40 5
22 2 33 39 6
22 2 34 39 5
22 2 35 38 6
22 2 36 38 6
22 2 37 37 6
22 2 38 36 6
22 2 39 35 5
22 2 40 34 5
22 2 41 34 5
22 2 42 33 5
22 2 42 32 6
23 2 37 29 7
23 2 38 30 7
23 2 39 31 7
23 2 40 31 7
23 2 41 32 7
23 2 42 32 6
24 2 21 41 5
24 2 20 42 5
24 2 19 43 6
24 2 18 44 6
24 2 17 45 6
24 2 16 45 6
24 2 15 46 6
25 2 19 59 5
25 2 18 59 5
25 2 17 59 5
25 2 16 58 5
25 2 15 57 5
25 2 15 56 5
25 2 15 55 5
25 2 15 54 5
25 2 15 53 5
25 2 15 52 5
25 2 15 51 5
25 2 15 50 5
25 2 15 49 5
25 2 15 48 5
25 2 15 47 5
25 2 15 46 6
26 1 48 74 5
26 1 47 75 5
26 1 46 75 5
26 1 45 75 5
26 1 44 75 5
26 1 43 76 5
26 1 42 76 5
26 1 41 76 5
26 1 40 76 6
26 1 39 77 5
26 1 38 77 5
26 1 37 77 6
26 1 36 78 6
26 1 35 79 6
26 1 34 80 6
26 1 33 81 5
26 1 33 82 5
26 1 32 83 5
26 1 31 83 5
26 1 30 83 5
26 1 29 83 5
26 1 28 82 4
26 1 27 82 4
26 1 26 82 4
26 1 25 82 4
26 1 24 82 4
26 1 23 82 5
26 1 22 82 5
26 1 21 81 5
26 1 20 80 5
26 1 19 80 5
26 1 18 79 5
26 1 17 79 5
26 1 16 79 5
26 1 15 78 6
26 1 14 78 6
26 1 13 78 5
26 1 12 78 6
26 1 11 78 6
26 1 10 77 5
26 1 9 76 5
26 1 10 75 5
26 1 11 74 5
26 1 12 73 4
26 1 13 73 4
26 1 14 72 4
27 1 46 25 6
27 1 46 24 6
27 1 46 23 5
27 1 46 22 5
27 1 46 21 5
27 1 47 20 5
27 1 47 19 5
27 1 48 18 5
27 1 49 17 5
27 1 50 17 4
27 1 51 17 5
27 1 52 16 5
27 1 53 15 4
27 1 54 16 5
27 1 55 16 5
27 1 56 16 5
27 1 57 16 6
27 1 58 16 6
27 1 59 15 5
27 1 60 15 5
27 1 61 15 5
27 1 62 15 5
27 1 63 15 5
27 1 64 15 5
27 1 65 15 5
27 1 66 15 5
27 1 67 15 5
27 1 68 15 5
27 1 69 15 5
27 1 70 15 5
27 1 71 15 5
27 1 72 15 5
27 1 73 15 5
27 1 74 16 5
27 1 75 16 5
27 1 76 16 5
27 1 77 16 5
27 1 78 16 5
27 1 79 16 5
27 1 80 16 5
27 1 81 16 5
27 1 82 16 5
27 1 83 16 5
27 1 84 16 5
27 1 85 16 5
27 1 86 16 5
27 1 87 16 5
27 1 88 15 5
27 1 89 15 5
28 1 48 74 5
28 1 49 75 4
28 1 50 76 5
28 1 51 77 5
28 1 52 77 5
28 1 53 77 5
28 1 54 77 4
28 1 55 78 5
28 1 56 78 5
28 1 57 78 5
28 1 58 78 5
28 1 59 78 5
28 1 60 78 5
28 1 61 78 5
28 1 62 79 5
28 1 63 79 5
28 1 64 79 5
28 1 65 79 5
28 1 66 79 5
28 1 67 79 5
28 1 68 79 5
28 1 69 79 5
28 1 70 79 5
28 1 71 79 5
28 1 72 79 5
28 1 73 79 5
28 1 74 79 5
28 1 75 79 5
28 1 76 79 5
28 1 77 79 5
28 1 78 79 5
28 1 79 80 5
28 1 80 80 5
28 1 81 80 5
28 1 82 80 5
28 1 83 80 5
28 1 84 80 5
28 1 85 80 6
28 1 86 79 5
28 1 87 79 6
28 1 88 78 5
28 1 89 78 4
28 1 90 78 5
28 1 91 77 5
28 1 92 76 5
28 1 93 75 5
29 1 78 135 5
29 1 77 134 5
29 1 77 133 6
29 1 76 132 6
29 1 75 132 5
29 1 74 131 5
29 1 73 131 5
29 1 72 131 5
29 1 71 130 5
29 1 70 130 5
29 1 69 130 5
29 1 68 129 5
29 1 67 129 5
29 1 66 128 5
29 1 65 128 5
29 1 64 127 5
29 1 63 127 5
29 1 62 126 5
29 1 61 126 5
29 1 60 125 5
29 1 59 125 5
29 1 58 124 5
29 1 57 123 5
29 1 56 123 6
29 1 55 123 5
29 1 54 123 5
29 1 53 123 5
29 1 52 123 5
29 1 51 123 5
29 1 50 123 5
29 1 49 123 5
29 1 48 122 5
29 1 47 122 5
29 1 46 122 5
29 1 45 121 6
29 1 44 121 5
29 1 43 121 5
29 1 42 120 5
29 1 41 120 5
29 1 40 119 5
29 1 39 119 5
29 1 38 118 5
29 1 37 118 5
29 1 36 117 5
29 1 35 117 5
29 1 34 117 5
29 1 33 116 5
29 1 32 116 5
29 1 31 116 5
29 1 30 116 5
29 1 29 116 5
29 1 28 116 5
29 1 27 116 5
29 1 26 116 5
29 1 25 116 5
29 1 24 115 5
29 1 23 115 5
29 1 22 115 5
29 1 21 115 5
29 1 20 114 5
29 1 19 114 5
29 1 18 114 5
29 1 17 113 5
29 1 16 113 5
29 1 15 113 5
29 1 14 113 5
29 1 13 113 5
29 1 12 113 5
29 1 11 112 5
29 1 10 113 6
29 1 9 112 6
29 1 8 112 5
29 1 7 112 6
29 1 6 111 5
29 1 5 111 6
29 1 4 111 6
29 1 3 110 5
29 1 3 109 5
30 1 78 135 5
30 1 77 136 5
30 1 76 137 6
30 1 75 138 5
30 1 74 138 5
30 1 73 137 5
30 1 72 138 6
30 1 71 139 5
30 1 70 139 6
30 1 69 139 6
30 1 68 140 6
30 1 67 140 6
30 1 66 140 6
30 1 65 140 6
30 1 64 140 6
30 1 63 140 6
30 1 62 140 5
30 1 61 140 5
30 1 60 140 5
30 1 59 140 5
30 1 58 140 5
30 1 57 140 5
30 1 56 140 5
30 1 55 140 6
30 1 54 140 6
30 1 53 140 6
30 1 52 140 6
30 1 51 140 6
30 1 50 140 6
30 1 49 140 6
30 1 48 140 7
30 1 47 141 6
30 1 46 141 6
30 1 45 141 6
30 1 44 141 6
30 1 43 141 6
30 1 42 141 6
30 1 41 141 6
30 1 40 141 6
30 1 39 141 6
30 1 38 141 6
30 1 37 142 5
30 1 36 142 5
30 1 35 142 5
30 1 34 142 5
30 1 33 143 5
30 1 32 143 5
30 1 31 143 5
30 1 30 143 5
30 1 29 143 5
30 1 28 143 6
30 1 27 143 6
30 1 26 143 6
30 1 25 143 6
30 1 24 144 5
30 1 23 143 5
30 1 22 144 6
30 1 21 144 6
30 1 20 145 5
30 1 19 145 6
30 1 18 145 5
31 1 71 6 12
31 1 70 7 13
31 1 70 8 13
31 1 69 9 13
31 1 69 10 13
31 1 68 11 13
31 1 68 12 13
31 1 68 13 13
31 1 68 14 13
31 1 67 15 13
31 1 67 16 14
31 1 67 17 14
31 1 67 18 14
31 1 67 19 13
31 1 67 20 13
31 1 67 21 13
31 1 66 22 13
31 1 66 23 13
31 1 66 24 14
31 1 66 25 14
31 1 66 26 14
31 1 66 27 13
31 1 66 28 13
31 1 66 29 14
31 1 66 30 14
31 1 66 31 14
31 1 66 32 14
31 1 66 33 14
31 1 66 34 13
31 1 66 35 13
31 1 66 36 13
31 1 66 37 13
31 1 66 38 12
31 1 66 39 13
31 1 66 40 13
31 1 66 41 13
31 1 66 42 13
31 1 66 43 13
31 1 66 44 13
31 1 66 45 14
31 1 66 46 14
31 1 66 47 14
31 1 67 48 13
31 1 67 49 14
31 1 67 50 14
31 1 68 51 13
31 1 68 52 14
31 1 69 53 13
31 1 69 54 13
31 1 68 55 14
31 1 67 56 13
31 1 66 57 13
31 1 65 58 14
31 1 64 59 14
31 1 63 59 14
31 1 62 59 14
31 1 61 59 14
31 1 60 60 15
31 1 60 61 14
31 1 59 62 15
31 1 59 63 15
31 1 59 64 15
31 1 58 65 14
31 1 57 66 15
31 1 56 66 15
31 1 55 66 15
31 1 54 66 15
31 1 53 67 14
31 1 52 68 15
31 1 51 69 15
31 1 51 70 15
31 1 51 71 15
31 1 50 72 15
31 1 50 73 15
31 1 50 74 15
31 1 50 75 14
31 1 49 76 15
31 1 49 77 15
31 1 49 78 14
31 1 49 79 14
31 1 48 80 14
31 1 48 81 14
31 1 48 82 14
31 1 48 83 14
31 1 47 84 15
31 1 47 85 14
31 1 47 86 15
31 1 47 87 14
31 1 47 88 14
31 1 47 89 13
31 1 47 90 13
31 1 47 91 13
31 1 47 92 13
31 1 47 93 13
31 1 47 94 13
31 1 46 95 13
31 1 46 96 13
31 1 45 97 14
31 1 45 98 13
31 1 45 99 13
31 1 45 100 13
31 1 44 101 14
31 1 44 102 13
31 1 44 103 13
31 1 43 104 13
31 1 42 105 13
31 1 41 106 13
31 1 41 107 13
31 1 40 108 13
31 1 40 109 13
31 1 40 110 13
31 1 39 111 13
31 1 39 112 13
31 1 39 113 13
31 1 39 114 13
31 1 39 115 13
31 1 38 116 14
31 1 38 117 13
31 1 38 118 13
31 1 37 119 13
31 1 37 120 14
31 1 36 121 15
31 1 36 122 14
31 1 35 123 14
31 1 34 124 15
31 1 33 125 15
31 1 33 126 14
31 1 33 127 13
31 1 32 128 14
31 1 32 129 13
31 1 32 130 13
31 1 31 131 14
31 1 31 132 14
31 1 31 133 14
31 1 31 134 15
31 1 31 135 15
31 1 32 136 14
31 1 31 137 15
31 1 31 138 15
32 1 71 6 12
32 1 70 7 13
32 1 70 8 13
32 1 69 9 13
32 1 69 10 13
32 1 68 11 13
32 1 68 12 13
32 1 68 13 13
32 1 68 14 13
32 1 67 15 13
32 1 67 16 14
32 1 67 17 14
32 1 67 18 14
32 1 67 19 13
32 1 67 20 13
32 1 67 21 13
32 1 66 22 13
32 1 66 23 13
32 1 66 24 14
32 1 66 25 14
32 1 66 26 14
32 1 66 27 13
32 1 66 28 13
32 1 66 29 14
32 1 66 30 14
32 1 66 31 14
32 1 66 32 14
32 1 66 33 14
32 1 66 34 13
32 1 66 35 13
32 1 66 36 13
32 1 66 37 13
32 1 66 38 12
32 1 66 39 13
32 1 66 40 13
32 1 66 41 13
32 1 66 42 13
32 1 66 43 13
32 1 66 44 13
32 1 66 45 14
32 1 66 46 14
32 1 66 47 14
32 1 67 48 13
32 1 67 49 14
32 1 67 50 14
32 1 68 51 13
32 1 68 52 14
32 1 69 53 13
32 1 69 54 13
32 1 68 55 14
32 1 67 56 13
32 1 66 57 13
32 1 65 58 14
32 1 64 59 14
32 1 63 59 14
32 1 62 59 14
32 1 61 59 14
32 1 60 60 15
32 1 60 61 14
32 1 59 62 15
32 1 59 63 15
32 1 59 64 15
32 1 58 65 14
32 1 57 66 15
32 1 56 66 15
32 1 55 66 15
32 1 54 66 15
32 1 53 67 14
32 1 52 68 15
32 1 51 69 15
32 1 51 70 15
32 1 51 71 15
32 1 50 72 15
32 1 50 73 15
32 1 50 74 15
32 1 50 75 14
32 1 49 76 15
32 1 49 77 15
32 1 49 78 14
32 1 49 79 14
32 1 48 80 14
32 1 48 81 14
32 1 48 82 14
32 1 48 83 14
32 1 47 84 15
32 1 47 85 14
32 1 47 86 15
32 1 47 87 14
32 1 47 88 14
32 1 47 89 13
32 1 47 90 13
32 1 47 91 13
32 1 47 92 13
32 1 47 93 13
32 1 47 94 13
32 1 46 95 13
32 1 46 96 13
32 1 45 97 14
32 1 45 98 13
32 1 45 99 13
32 1 45 100 13
32 1 44 101 14
32 1 44 102 13
32 1 44 103 13
32 1 43 104 13
32 1 42 105 13
32 1 41 106 13
32 1 41 107 13
32 1 40 108 13
32 1 40 109 13
32 1 40 110 13
32 1 39 111 13
32 1 39 112 13
32 1 39 113 13
32 1 39 114 13
32 1 39 115 13
32 1 38 116 14
32 1 38 117 13
32 1 38 118 13
32 1 37 119 13
32 1 37 120 14
32 1 36 121 15
32 1 36 122 14
32 1 35 123 14
32 1 34 124 15
32 1 33 125 15
32 1 33 126 14
32 1 33 127 13
32 1 32 128 14
32 1 32 129 13
32 1 32 130 13
32 1 31 131 14
32 1 31 132 14
32 1 31 133 14
32 1 31 134 15
32 1 31 135 15
32 1 32 136 14
32 1 31 137 15
32 1 31 138 15
